{
"TourSize" : 120,
"OptTour" : [1, 76, 59, 15, 30, 29, 120, 32, 92, 28, 45, 78, 86, 94, 81, 22, 66, 31, 117, 85, 18, 19, 25, 108, 43, 79, 52, 33, 100, 58, 91, 68, 65, 69, 113, 107, 20, 46, 50, 44, 75, 14, 87, 74, 105, 40, 72, 38, 7, 56, 41, 42, 98, 17, 118, 49, 13, 51, 11, 23, 9, 103, 119, 3, 82, 2, 115, 21, 93, 53, 64, 109, 88, 97, 12, 95, 77, 39, 63, 5, 27, 80, 101, 102, 48, 110, 112, 106, 114, 73, 57, 83, 67, 37, 62, 99, 10, 35, 104, 36, 84, 6, 89, 55, 47, 71, 26, 4, 34, 116, 70, 8, 54, 90, 96, 111, 24, 60, 16, 61],
"OptDistance" : 6942,
"DistanceMatrix" : 
    [[0, 534, 434, 294, 593, 409, 332, 232, 464, 566, 552, 802, 633, 257, 187, 91, 412, 400, 472, 389, 610, 340, 510, 153, 511, 269, 525, 150, 80, 130, 401, 134, 666, 259, 505, 453, 627, 339, 710, 243, 376, 449, 505, 322, 185, 353, 324, 388, 447, 360, 605, 656, 573, 293, 372, 330, 610, 598, 214, 154, 70, 606, 631, 642, 503, 372, 641, 561, 478, 247, 317, 272, 575, 219, 293, 54, 648, 211, 568, 497, 290, 475, 654, 445, 375, 268, 261, 710, 396, 295, 651, 175, 585, 250, 717, 246, 788, 426, 596, 634, 507, 463, 408, 529, 192, 529, 434, 535, 630, 446, 166, 471, 442, 523, 566, 235, 432, 435, 369, 121],
    [534, 0, 107, 241, 190, 351, 320, 354, 124, 508, 80, 316, 432, 641, 577, 450, 624, 752, 805, 665, 76, 730, 152, 447, 844, 283, 157, 539, 507, 520, 791, 524, 942, 281, 447, 358, 334, 275, 283, 353, 520, 594, 781, 611, 575, 638, 314, 234, 664, 606, 133, 932, 113, 384, 283, 479, 297, 874, 604, 401, 464, 349, 228, 129, 779, 762, 348, 837, 754, 316, 336, 382, 276, 479, 683, 529, 188, 601, 844, 150, 680, 65, 341, 387, 765, 658, 519, 184, 291, 424, 927, 565, 67, 640, 221, 454, 302, 596, 575, 910, 209, 186, 169, 389, 412, 286, 710, 811, 108, 252, 518, 313, 718, 230, 45, 313, 822, 653, 167, 511],
    [434, 107, 0, 148, 137, 240, 232, 261, 88, 397, 127, 336, 479, 541, 477, 357, 531, 659, 712, 572, 183, 630, 134, 354, 751, 190, 95, 446, 414, 427, 691, 431, 849, 188, 336, 247, 251, 187, 254, 260, 427, 501, 688, 518, 482, 545, 191, 127, 571, 513, 180, 839, 101, 274, 199, 386, 234, 781, 504, 308, 371, 266, 175, 176, 686, 662, 265, 744, 661, 223, 212, 289, 199, 386, 583, 429, 182, 501, 751, 67, 580, 42, 278, 276, 665, 558, 426, 271, 180, 278, 834, 472, 146, 540, 251, 361, 322, 503, 330, 817, 111, 79, 105, 278, 319, 231, 617, 718, 191, 145, 425, 202, 625, 147, 139, 220, 722, 560, 79, 418],
    [294, 241, 148, 0, 374, 190, 139, 113, 171, 347, 259, 509, 552, 407, 337, 210, 384, 512, 565, 425, 317, 490, 217, 207, 604, 42, 232, 299, 267, 280, 551, 284, 702, 40, 286, 234, 408, 94, 491, 113, 280, 354, 541, 371, 335, 398, 106, 124, 424, 366, 312, 692, 280, 143, 153, 239, 391, 634, 364, 161, 224, 387, 412, 349, 539, 522, 422, 597, 514, 76, 95, 142, 356, 239, 443, 289, 355, 361, 604, 204, 440, 182, 435, 226, 525, 418, 279, 417, 177, 183, 687, 325, 292, 400, 424, 213, 495, 356, 377, 670, 201, 155, 116, 310, 172, 310, 470, 571, 337, 227, 277, 252, 478, 304, 273, 73, 582, 413, 77, 271],
    [593, 190, 137, 374, 0, 258, 494, 372, 202, 331, 234, 222, 586, 706, 636, 509, 690, 818, 871, 731, 192, 789, 248, 470, 910, 332, 42, 598, 566, 579, 850, 583, 1008, 364, 354, 265, 168, 313, 117, 419, 586, 660, 847, 677, 634, 704, 275, 219, 730, 672, 287, 998, 79, 319, 229, 545, 107, 940, 663, 460, 523, 183, 38, 121, 845, 821, 152, 903, 820, 360, 289, 448, 86, 545, 742, 588, 68, 660, 910, 70, 739, 137, 151, 294, 824, 717, 585, 239, 198, 308, 993, 624, 135, 699, 137, 373, 208, 662, 237, 976, 139, 157, 242, 236, 477, 177, 776, 877, 165, 162, 437, 166, 784, 81, 228, 371, 881, 719, 205, 570],
    [409, 351, 240, 190, 258, 0, 310, 188, 328, 171, 365, 470, 723, 522, 452, 325, 506, 634, 687, 547, 442, 605, 370, 280, 726, 148, 257, 414, 382, 395, 666, 399, 824, 180, 110, 59, 239, 281, 375, 235, 402, 476, 663, 493, 450, 520, 91, 113, 546, 488, 418, 814, 329, 129, 39, 361, 275, 756, 479, 276, 339, 216, 296, 369, 661, 637, 262, 719, 636, 176, 105, 264, 240, 361, 558, 404, 316, 476, 726, 257, 555, 282, 319, 50, 640, 533, 401, 487, 53, 118, 809, 440, 385, 515, 385, 183, 456, 478, 179, 792, 172, 161, 298, 127, 293, 165, 592, 693, 424, 111, 247, 99, 600, 188, 383, 187, 697, 535, 259, 386],
    [332, 320, 232, 139, 494, 310, 0, 208, 188, 467, 249, 588, 417, 184, 375, 248, 210, 338, 391, 251, 396, 394, 175, 246, 430, 169, 316, 279, 305, 318, 474, 314, 528, 142, 406, 354, 528, 45, 611, 89, 106, 180, 367, 197, 231, 224, 225, 289, 250, 192, 264, 518, 359, 262, 273, 65, 511, 460, 402, 199, 262, 507, 532, 428, 365, 456, 542, 423, 340, 170, 218, 84, 476, 167, 238, 327, 434, 231, 430, 288, 317, 261, 555, 346, 384, 231, 141, 496, 297, 302, 513, 311, 371, 277, 503, 332, 574, 182, 497, 496, 408, 251, 131, 430, 160, 430, 296, 397, 416, 347, 336, 372, 304, 424, 352, 168, 441, 239, 153, 309],
    [232, 354, 261, 113, 372, 188, 208, 0, 284, 345, 372, 584, 621, 391, 321, 141, 408, 536, 589, 449, 430, 474, 330, 113, 628, 63, 355, 283, 251, 264, 535, 268, 726, 72, 284, 232, 406, 184, 489, 133, 300, 378, 565, 395, 319, 422, 104, 168, 448, 390, 425, 716, 403, 60, 151, 259, 389, 658, 348, 78, 208, 385, 410, 472, 563, 506, 420, 621, 538, 39, 79, 162, 354, 259, 427, 273, 430, 345, 628, 327, 424, 295, 433, 224, 509, 402, 299, 530, 175, 100, 711, 309, 405, 384, 499, 130, 570, 380, 375, 694, 286, 216, 229, 308, 154, 308, 494, 595, 450, 225, 114, 250, 502, 302, 386, 43, 566, 437, 190, 255],
    [464, 124, 88, 171, 202, 328, 188, 284, 0, 485, 61, 392, 411, 372, 507, 380, 398, 526, 579, 439, 202, 582, 46, 377, 618, 213, 160, 469, 437, 450, 662, 454, 716, 211, 424, 335, 300, 143, 319, 283, 294, 368, 555, 372, 419, 412, 244, 215, 438, 380, 112, 706, 163, 314, 324, 253, 322, 648, 534, 331, 394, 354, 240, 232, 553, 644, 314, 611, 528, 246, 266, 234, 287, 317, 426, 459, 238, 479, 618, 155, 505, 65, 366, 364, 572, 419, 329, 300, 268, 354, 701, 495, 175, 465, 307, 384, 378, 370, 552, 684, 213, 167, 57, 366, 342, 319, 484, 585, 220, 233, 448, 290, 492, 235, 121, 243, 629, 427, 97, 441],
    [566, 508, 397, 347, 331, 171, 467, 345, 485, 0, 522, 502, 874, 679, 609, 482, 663, 791, 844, 704, 515, 762, 527, 437, 883, 305, 330, 571, 539, 552, 823, 556, 981, 337, 70, 182, 166, 438, 354, 392, 559, 633, 820, 650, 607, 677, 248, 270, 703, 645, 575, 971, 402, 286, 196, 518, 248, 913, 636, 433, 496, 147, 306, 428, 818, 794, 189, 876, 793, 333, 262, 421, 250, 518, 715, 561, 362, 633, 883, 335, 712, 439, 266, 125, 797, 690, 558, 546, 218, 275, 966, 597, 458, 672, 417, 340, 488, 635, 100, 949, 329, 318, 455, 125, 450, 182, 749, 850, 483, 268, 404, 210, 757, 255, 540, 344, 854, 692, 416, 543],
    [552, 80, 127, 259, 234, 365, 249, 372, 61, 522, 0, 386, 354, 433, 595, 468, 459, 587, 640, 500, 141, 643, 72, 465, 679, 301, 167, 557, 525, 538, 723, 542, 777, 299, 461, 372, 348, 204, 351, 368, 355, 429, 616, 446, 480, 473, 332, 254, 499, 441, 55, 767, 157, 402, 324, 314, 331, 709, 622, 419, 482, 363, 272, 226, 614, 705, 362, 672, 589, 334, 354, 295, 296, 378, 487, 547, 232, 480, 679, 164, 566, 85, 375, 410, 633, 480, 390, 249, 305, 442, 762, 583, 147, 526, 301, 472, 372, 431, 589, 745, 223, 206, 118, 403, 430, 328, 545, 646, 188, 272, 536, 358, 553, 174, 60, 331, 690, 488, 185, 529],
    [802, 316, 336, 509, 222, 470, 588, 584, 392, 502, 386, 0, 738, 915, 845, 718, 892, 1020, 1073, 933, 233, 998, 438, 715, 1112, 544, 254, 807, 775, 788, 1059, 792, 1210, 549, 566, 477, 331, 543, 202, 621, 788, 862, 1049, 879, 843, 906, 487, 431, 932, 874, 439, 1200, 235, 531, 441, 747, 254, 1142, 872, 669, 732, 357, 210, 187, 1047, 1030, 313, 1105, 1022, 572, 501, 650, 266, 747, 951, 797, 154, 869, 1112, 282, 948, 321, 298, 506, 1033, 926, 787, 168, 410, 520, 1195, 833, 249, 908, 95, 585, 23, 864, 407, 1178, 351, 369, 437, 447, 680, 379, 978, 1079, 190, 374, 649, 378, 986, 293, 314, 583, 1090, 921, 435, 779],
    [633, 432, 479, 552, 586, 723, 417, 621, 411, 874, 354, 738, 0, 390, 572, 661, 227, 524, 413, 274, 492, 444, 380, 659, 407, 582, 521, 488, 572, 543, 524, 530, 446, 555, 819, 767, 700, 458, 679, 502, 340, 256, 289, 359, 462, 282, 638, 606, 188, 273, 313, 444, 509, 675, 686, 378, 693, 370, 599, 612, 567, 715, 640, 578, 245, 506, 714, 311, 261, 583, 631, 497, 672, 474, 352, 595, 584, 466, 348, 516, 506, 437, 755, 759, 434, 420, 422, 616, 710, 715, 407, 504, 499, 466, 653, 745, 724, 253, 941, 414, 575, 558, 468, 755, 573, 680, 346, 336, 540, 624, 749, 679, 300, 596, 411, 581, 491, 220, 537, 518],
    [257, 641, 541, 407, 706, 522, 184, 391, 372, 679, 433, 915, 390, 0, 196, 228, 169, 151, 257, 146, 723, 125, 359, 345, 296, 382, 638, 112, 196, 167, 238, 154, 423, 372, 618, 566, 740, 229, 823, 209, 146, 206, 262, 69, 86, 110, 437, 501, 204, 117, 448, 413, 686, 451, 485, 119, 723, 355, 223, 298, 191, 719, 744, 755, 260, 209, 754, 318, 235, 360, 430, 180, 688, 83, 50, 219, 761, 74, 325, 610, 139, 588, 767, 558, 160, 53, 43, 823, 509, 491, 408, 128, 698, 99, 830, 472, 901, 183, 709, 391, 620, 576, 315, 642, 228, 642, 191, 292, 743, 559, 435, 584, 199, 636, 679, 348, 217, 192, 482, 142],
    [187, 577, 477, 337, 636, 452, 375, 321, 507, 609, 595, 845, 572, 196, 0, 158, 351, 270, 342, 328, 653, 185, 553, 275, 381, 312, 568, 96, 88, 59, 238, 63, 605, 302, 548, 496, 670, 382, 753, 286, 322, 388, 444, 261, 124, 292, 367, 431, 386, 299, 648, 595, 616, 381, 415, 276, 653, 537, 49, 228, 121, 649, 674, 685, 442, 209, 684, 500, 417, 290, 360, 315, 618, 172, 232, 92, 691, 81, 507, 540, 98, 518, 697, 488, 245, 138, 200, 753, 439, 421, 590, 76, 628, 89, 760, 402, 831, 365, 639, 573, 550, 506, 451, 572, 235, 572, 373, 474, 673, 489, 365, 514, 381, 566, 609, 278, 302, 374, 412, 99],
    [91, 450, 357, 210, 509, 325, 248, 141, 380, 482, 468, 718, 661, 228, 158, 0, 383, 371, 443, 360, 526, 311, 426, 98, 482, 185, 441, 120, 77, 101, 372, 105, 637, 175, 421, 369, 504, 250, 626, 159, 306, 420, 476, 293, 156, 324, 240, 304, 418, 331, 520, 627, 489, 201, 288, 260, 526, 569, 185, 63, 27, 522, 547, 558, 474, 343, 557, 532, 449, 163, 233, 188, 491, 149, 264, 82, 564, 182, 539, 413, 261, 391, 570, 361, 346, 239, 232, 626, 312, 241, 622, 146, 501, 221, 633, 237, 704, 397, 512, 605, 423, 379, 325, 445, 108, 445, 405, 506, 546, 362, 150, 387, 413, 439, 482, 151, 403, 406, 286, 84],
    [412, 624, 531, 384, 690, 506, 210, 408, 398, 663, 459, 892, 227, 169, 351, 383, 0, 167, 220, 53, 700, 223, 385, 500, 259, 365, 615, 267, 351, 322, 303, 309, 357, 338, 602, 550, 724, 255, 807, 285, 112, 45, 196, 94, 241, 61, 421, 485, 36, 46, 474, 347, 663, 458, 469, 150, 707, 289, 378, 453, 346, 703, 728, 732, 141, 285, 738, 252, 116, 366, 414, 280, 672, 253, 131, 374, 738, 243, 259, 587, 285, 565, 751, 542, 213, 199, 211, 800, 493, 498, 342, 283, 675, 245, 807, 528, 818, 27, 693, 325, 604, 553, 341, 626, 383, 626, 125, 226, 720, 543, 590, 568, 81, 620, 656, 364, 270, 29, 459, 297],
    [400, 752, 659, 512, 818, 634, 338, 536, 526, 791, 587, 1020, 524, 151, 270, 371, 167, 0, 57, 112, 828, 67, 513, 488, 96, 493, 743, 255, 339, 310, 138, 297, 280, 466, 730, 678, 852, 350, 935, 413, 240, 204, 119, 142, 226, 125, 549, 613, 202, 150, 602, 270, 791, 586, 597, 278, 835, 212, 319, 441, 334, 831, 856, 860, 151, 120, 866, 175, 132, 494, 542, 408, 800, 235, 101, 362, 866, 189, 182, 715, 155, 693, 879, 670, 48, 132, 183, 928, 621, 626, 265, 271, 803, 178, 935, 656, 1006, 181, 821, 248, 732, 681, 469, 754, 371, 754, 82, 94, 848, 671, 578, 696, 137, 748, 784, 492, 105, 190, 587, 285],
    [472, 805, 712, 565, 871, 687, 391, 589, 579, 844, 640, 1073, 413, 257, 342, 443, 220, 57, 0, 165, 881, 139, 566, 560, 39, 546, 796, 327, 411, 382, 126, 369, 217, 519, 783, 731, 905, 436, 988, 466, 293, 257, 136, 224, 298, 178, 602, 666, 255, 203, 655, 200, 844, 639, 650, 331, 888, 197, 391, 513, 406, 884, 909, 913, 168, 108, 919, 192, 149, 547, 595, 461, 853, 339, 174, 434, 919, 261, 150, 768, 227, 746, 932, 723, 59, 204, 294, 981, 674, 679, 282, 343, 856, 250, 988, 709, 1059, 234, 874, 185, 785, 734, 522, 807, 443, 807, 142, 76, 901, 724, 650, 749, 184, 801, 837, 545, 69, 243, 640, 357],
    [389, 665, 572, 425, 731, 547, 251, 449, 439, 704, 500, 933, 274, 146, 328, 360, 53, 112, 165, 0, 741, 168, 426, 477, 204, 406, 656, 244, 328, 299, 248, 286, 279, 379, 643, 591, 765, 296, 848, 326, 153, 101, 118, 84, 218, 38, 462, 526, 88, 63, 515, 269, 704, 499, 510, 191, 748, 211, 355, 430, 323, 744, 769, 773, 116, 230, 779, 174, 91, 407, 455, 321, 713, 230, 108, 351, 779, 220, 181, 628, 229, 606, 792, 583, 158, 202, 178, 841, 534, 539, 264, 260, 716, 220, 848, 569, 919, 82, 734, 247, 645, 594, 382, 667, 360, 667, 47, 129, 761, 584, 567, 609, 53, 661, 697, 405, 215, 64, 500, 274],
    [610, 76, 183, 317, 192, 442, 396, 430, 202, 515, 141, 233, 492, 723, 653, 526, 700, 828, 881, 741, 0, 806, 213, 523, 920, 359, 188, 615, 583, 596, 867, 600, 1018, 357, 538, 449, 360, 351, 272, 429, 596, 670, 857, 687, 651, 714, 390, 310, 740, 682, 193, 1008, 131, 460, 413, 555, 302, 950, 680, 477, 540, 375, 233, 98, 855, 838, 344, 913, 830, 392, 412, 458, 289, 555, 759, 605, 177, 677, 920, 216, 756, 141, 346, 478, 841, 734, 595, 108, 382, 500, 1003, 641, 57, 716, 190, 530, 203, 672, 421, 986, 275, 262, 245, 420, 488, 344, 786, 887, 43, 346, 594, 350, 794, 265, 81, 389, 898, 729, 243, 587],
    [340, 730, 630, 490, 789, 605, 394, 474, 582, 762, 643, 998, 444, 125, 185, 311, 223, 67, 139, 168, 806, 0, 569, 428, 178, 465, 721, 195, 279, 250, 101, 237, 336, 455, 701, 649, 823, 439, 906, 439, 296, 260, 175, 146, 166, 181, 520, 584, 258, 206, 658, 326, 769, 534, 568, 334, 806, 268, 234, 381, 274, 802, 827, 838, 207, 72, 837, 231, 188, 443, 513, 464, 771, 228, 105, 302, 844, 129, 238, 693, 88, 671, 850, 641, 42, 72, 162, 906, 592, 574, 321, 211, 781, 96, 913, 555, 984, 237, 792, 304, 703, 659, 525, 725, 311, 725, 145, 154, 826, 642, 518, 667, 209, 719, 762, 431, 99, 246, 555, 225],
    [510, 152, 134, 217, 248, 370, 175, 330, 46, 527, 72, 438, 380, 359, 553, 426, 385, 513, 566, 426, 213, 569, 0, 423, 605, 259, 206, 515, 483, 496, 649, 500, 703, 257, 466, 377, 346, 130, 365, 226, 281, 355, 542, 372, 406, 399, 290, 232, 425, 367, 89, 693, 209, 360, 370, 240, 368, 635, 580, 377, 440, 400, 286, 278, 540, 631, 360, 598, 515, 292, 312, 221, 333, 304, 413, 505, 284, 406, 605, 201, 492, 111, 412, 406, 559, 406, 316, 321, 310, 400, 688, 541, 221, 452, 353, 430, 424, 357, 460, 671, 259, 213, 72, 408, 388, 365, 471, 572, 266, 279, 494, 332, 479, 281, 132, 289, 616, 414, 111, 487],
    [153, 447, 354, 207, 470, 280, 246, 113, 377, 437, 465, 715, 659, 345, 275, 98, 500, 488, 560, 477, 523, 428, 423, 0, 599, 170, 438, 237, 205, 218, 489, 222, 754, 172, 376, 324, 504, 248, 587, 157, 338, 537, 593, 410, 273, 441, 238, 302, 535, 448, 517, 744, 486, 151, 241, 297, 487, 686, 302, 47, 162, 483, 508, 555, 591, 460, 518, 649, 566, 133, 213, 186, 452, 263, 381, 227, 561, 299, 656, 410, 378, 388, 531, 316, 463, 356, 342, 623, 273, 191, 739, 263, 498, 338, 631, 167, 701, 514, 467, 722, 384, 376, 322, 400, 167, 406, 522, 623, 543, 323, 90, 348, 530, 400, 479, 137, 520, 523, 283, 209],
    [511, 844, 751, 604, 910, 726, 430, 628, 618, 883, 679, 1112, 407, 296, 381, 482, 259, 96, 39, 204, 920, 178, 605, 599, 0, 585, 835, 366, 450, 412, 165, 408, 194, 558, 822, 770, 944, 475, 1027, 505, 332, 296, 129, 263, 337, 217, 641, 705, 294, 242, 694, 177, 883, 678, 689, 370, 927, 157, 430, 552, 445, 923, 948, 952, 162, 147, 958, 186, 159, 586, 634, 500, 892, 378, 213, 473, 958, 300, 127, 807, 266, 785, 971, 762, 98, 243, 333, 1020, 713, 718, 276, 382, 895, 289, 1027, 748, 1098, 273, 913, 162, 824, 773, 561, 846, 482, 846, 145, 75, 940, 763, 689, 788, 194, 840, 876, 584, 108, 282, 679, 396],
    [269, 283, 190, 42, 332, 148, 169, 63, 213, 305, 301, 544, 582, 382, 312, 185, 365, 493, 546, 406, 359, 465, 259, 170, 585, 0, 274, 274, 242, 255, 526, 259, 683, 27, 244, 192, 366, 136, 449, 94, 261, 335, 522, 352, 310, 379, 64, 128, 405, 347, 354, 673, 322, 101, 111, 220, 349, 615, 339, 136, 199, 345, 370, 391, 520, 497, 380, 578, 495, 37, 53, 123, 314, 220, 418, 264, 390, 336, 585, 246, 415, 224, 393, 184, 500, 393, 260, 459, 135, 141, 668, 300, 334, 375, 459, 171, 530, 337, 335, 651, 202, 176, 158, 268, 153, 268, 451, 552, 379, 185, 235, 210, 459, 262, 315, 48, 557, 394, 119, 246],
    [525, 157, 95, 232, 42, 257, 316, 355, 160, 330, 167, 254, 521, 638, 568, 441, 615, 743, 796, 656, 188, 721, 206, 438, 835, 274, 0, 530, 498, 511, 782, 515, 933, 272, 353, 264, 179, 271, 159, 344, 511, 585, 772, 602, 566, 629, 227, 163, 655, 597, 220, 923, 57, 318, 228, 470, 149, 865, 595, 392, 455, 194, 80, 132, 770, 753, 193, 828, 745, 307, 248, 373, 127, 470, 674, 520, 100, 592, 835, 28, 671, 95, 193, 293, 756, 649, 510, 241, 197, 307, 918, 556, 131, 631, 169, 372, 240, 587, 236, 901, 87, 115, 200, 235, 403, 159, 701, 802, 161, 161, 436, 165, 709, 75, 189, 304, 813, 644, 163, 502],
    [150, 539, 446, 299, 598, 414, 279, 283, 469, 571, 557, 807, 488, 112, 96, 120, 267, 255, 327, 244, 615, 195, 515, 237, 366, 274, 530, 0, 63, 56, 256, 34, 521, 264, 509, 458, 632, 286, 715, 190, 220, 304, 360, 177, 40, 208, 329, 393, 302, 215, 610, 511, 578, 343, 377, 174, 615, 453, 123, 190, 83, 611, 636, 647, 358, 227, 646, 416, 333, 252, 397, 193, 580, 79, 148, 119, 653, 105, 423, 502, 144, 480, 659, 450, 230, 123, 98, 715, 401, 383, 506, 32, 590, 105, 722, 364, 793, 281, 601, 489, 512, 468, 413, 534, 119, 534, 289, 390, 635, 451, 402, 476, 297, 528, 571, 240, 287, 290, 375, 35],
    [80, 507, 414, 267, 566, 382, 305, 251, 437, 539, 525, 775, 572, 196, 88, 77, 351, 339, 411, 328, 583, 279, 483, 205, 450, 242, 498, 63, 0, 25, 340, 29, 605, 232, 478, 426, 600, 312, 683, 216, 322, 388, 444, 261, 124, 292, 297, 361, 386, 299, 577, 595, 546, 311, 345, 276, 583, 537, 115, 158, 47, 579, 604, 615, 442, 311, 614, 500, 417, 220, 290, 245, 548, 139, 232, 31, 621, 150, 507, 470, 176, 448, 627, 418, 314, 207, 200, 683, 369, 351, 590, 76, 558, 189, 690, 332, 761, 365, 569, 573, 480, 436, 382, 502, 165, 502, 373, 474, 603, 419, 295, 444, 381, 496, 539, 208, 371, 374, 343, 29],
    [130, 520, 427, 280, 579, 395, 318, 264, 450, 552, 538, 788, 543, 167, 59, 101, 322, 310, 382, 299, 596, 250, 496, 218, 412, 255, 511, 56, 25, 0, 311, 22, 576, 245, 491, 439, 613, 325, 696, 229, 293, 359, 415, 232, 95, 263, 310, 374, 357, 270, 591, 566, 559, 324, 358, 247, 596, 508, 86, 171, 64, 592, 617, 628, 413, 282, 627, 471, 388, 233, 378, 258, 561, 134, 203, 43, 634, 121, 478, 483, 164, 461, 640, 431, 285, 178, 171, 696, 382, 364, 561, 47, 571, 160, 703, 345, 774, 336, 582, 544, 493, 449, 394, 515, 178, 515, 344, 445, 616, 432, 383, 457, 352, 509, 552, 221, 342, 345, 356, 42],
    [401, 791, 691, 551, 850, 666, 474, 535, 662, 823, 723, 1059, 524, 238, 238, 372, 303, 138, 126, 248, 867, 101, 649, 489, 165, 526, 782, 256, 340, 311, 0, 298, 416, 516, 762, 710, 884, 519, 967, 500, 376, 340, 255, 247, 227, 261, 581, 645, 338, 286, 738, 406, 830, 595, 629, 414, 867, 348, 287, 442, 335, 863, 888, 899, 287, 29, 898, 311, 268, 504, 574, 544, 832, 289, 206, 363, 905, 190, 318, 754, 140, 732, 911, 702, 90, 185, 275, 967, 653, 635, 401, 272, 842, 151, 974, 616, 1045, 317, 853, 384, 764, 720, 605, 786, 372, 786, 225, 202, 887, 703, 579, 728, 285, 780, 823, 492, 77, 326, 626, 286],
    [134, 524, 431, 284, 583, 399, 314, 268, 454, 556, 542, 792, 530, 154, 63, 105, 309, 297, 369, 286, 600, 237, 500, 222, 408, 259, 515, 34, 29, 22, 298, 0, 563, 249, 494, 443, 617, 321, 700, 225, 253, 346, 402, 219, 82, 250, 314, 378, 344, 257, 595, 553, 563, 328, 362, 207, 600, 495, 90, 175, 68, 596, 621, 632, 400, 269, 631, 458, 375, 237, 382, 228, 565, 112, 190, 58, 638, 108, 465, 487, 136, 465, 644, 435, 272, 165, 131, 700, 386, 368, 548, 30, 575, 147, 707, 349, 778, 323, 586, 531, 497, 453, 398, 519, 154, 519, 331, 432, 620, 436, 387, 461, 339, 513, 556, 225, 329, 332, 360, 36],
    [666, 942, 849, 702, 1008, 824, 528, 726, 716, 981, 777, 1210, 446, 423, 605, 637, 357, 280, 217, 279, 1018, 336, 703, 754, 194, 683, 933, 521, 605, 576, 416, 563, 0, 656, 920, 868, 1042, 573, 1125, 603, 430, 394, 161, 361, 495, 315, 739, 803, 392, 340, 792, 42, 981, 776, 787, 468, 1025, 84, 632, 707, 600, 1021, 1046, 1050, 201, 398, 1056, 154, 226, 684, 732, 598, 990, 507, 385, 628, 1056, 497, 98, 905, 424, 883, 1069, 860, 326, 401, 455, 1118, 811, 816, 174, 537, 993, 447, 1125, 846, 1196, 371, 1011, 32, 922, 871, 659, 944, 637, 944, 238, 175, 1038, 861, 844, 886, 261, 938, 974, 682, 383, 380, 777, 551],
    [259, 281, 188, 40, 364, 180, 142, 72, 211, 337, 299, 549, 555, 372, 302, 175, 338, 466, 519, 379, 357, 455, 257, 172, 558, 27, 272, 264, 232, 245, 516, 249, 656, 0, 276, 224, 398, 102, 481, 67, 234, 308, 495, 325, 300, 352, 95, 159, 378, 320, 352, 646, 320, 132, 143, 193, 381, 588, 329, 126, 189, 377, 402, 389, 493, 487, 412, 551, 468, 34, 88, 96, 346, 193, 408, 254, 395, 326, 558, 244, 405, 222, 425, 216, 490, 383, 233, 457, 167, 172, 641, 290, 332, 365, 464, 202, 535, 310, 367, 624, 278, 210, 155, 300, 126, 300, 424, 525, 877, 217, 189, 242, 432, 294, 313, 32, 547, 367, 116, 236],
    [505, 447, 336, 286, 354, 110, 406, 284, 424, 70, 461, 566, 819, 618, 548, 421, 602, 730, 783, 643, 538, 701, 466, 376, 822, 244, 353, 509, 478, 491, 762, 494, 920, 276, 0, 95, 162, 377, 345, 331, 498, 572, 759, 589, 546, 616, 187, 209, 642, 584, 514, 910, 425, 225, 135, 457, 239, 852, 575, 372, 435, 139, 293, 465, 757, 733, 185, 815, 732, 272, 201, 360, 237, 457, 654, 500, 412, 572, 822, 353, 651, 378, 262, 64, 736, 629, 497, 583, 157, 214, 905, 536, 481, 611, 481, 279, 552, 574, 91, 888, 268, 257, 394, 80, 389, 137, 688, 789, 520, 207, 343, 156, 696, 284, 479, 283, 793, 631, 355, 482],
    [453, 358, 247, 234, 265, 59, 354, 232, 335, 182, 372, 477, 767, 566, 496, 369, 550, 678, 731, 591, 449, 649, 377, 324, 770, 192, 264, 458, 426, 439, 710, 443, 868, 224, 95, 0, 177, 325, 337, 279, 446, 520, 707, 537, 494, 564, 135, 120, 590, 532, 425, 858, 336, 173, 83, 405, 231, 800, 523, 320, 383, 154, 261, 376, 705, 681, 200, 763, 680, 220, 149, 308, 205, 405, 602, 448, 323, 520, 770, 264, 599, 289, 254, 57, 684, 577, 445, 494, 67, 162, 853, 484, 392, 559, 392, 227, 463, 522, 117, 836, 141, 168, 305, 68, 337, 106, 636, 737, 431, 141, 291, 61, 644, 195, 390, 231, 741, 579, 266, 430],
    [627, 334, 251, 408, 168, 239, 528, 406, 300, 166, 348, 331, 700, 740, 670, 504, 724, 852, 905, 765, 360, 823, 346, 504, 944, 366, 179, 632, 600, 613, 884, 617, 1042, 398, 162, 177, 0, 425, 183, 453, 620, 694, 881, 711, 668, 738, 309, 219, 764, 706, 401, 1032, 236, 353, 263, 579, 77, 974, 697, 494, 557, 22, 138, 260, 879, 855, 23, 937, 854, 394, 323, 482, 82, 579, 776, 622, 194, 694, 944, 184, 773, 272, 100, 193, 858, 751, 619, 378, 215, 342, 1027, 658, 303, 733, 246, 407, 317, 696, 72, 1010, 173, 219, 344, 112, 511, 75, 810, 911, 315, 162, 471, 135, 818, 104, 366, 405, 915, 753, 305, 604],
    [339, 275, 187, 94, 313, 281, 45, 184, 143, 438, 204, 543, 458, 229, 382, 250, 255, 350, 436, 296, 351, 439, 130, 248, 475, 136, 271, 286, 312, 325, 519, 321, 573, 102, 377, 325, 425, 0, 430, 96, 151, 225, 412, 242, 276, 269, 196, 229, 295, 237, 219, 563, 314, 233, 244, 110, 408, 505, 409, 201, 269, 447, 351, 383, 410, 501, 439, 468, 385, 146, 189, 91, 373, 174, 283, 334, 389, 276, 475, 243, 362, 216, 452, 317, 429, 276, 186, 451, 268, 273, 558, 318, 326, 322, 458, 303, 529, 227, 468, 541, 252, 206, 86, 401, 162, 370, 341, 442, 371, 272, 295, 311, 349, 321, 307, 144, 486, 284, 108, 316],
    [710, 283, 254, 491, 117, 375, 611, 489, 319, 354, 351, 202, 679, 823, 753, 626, 807, 935, 988, 848, 272, 906, 365, 587, 1027, 449, 159, 715, 683, 696, 967, 700, 1125, 481, 345, 337, 183, 430, 0, 536, 703, 777, 964, 794, 751, 821, 392, 336, 847, 789, 404, 1115, 176, 436, 346, 662, 106, 1057, 780, 577, 640, 209, 79, 161, 962, 938, 165, 1020, 937, 477, 406, 565, 141, 662, 859, 705, 95, 777, 1027, 187, 856, 254, 103, 411, 941, 834, 702, 279, 315, 425, 1110, 741, 215, 816, 117, 490, 188, 779, 259, 1093, 256, 274, 359, 299, 594, 231, 893, 994, 216, 279, 554, 276, 901, 193, 308, 488, 998, 836, 322, 687],
    [243, 353, 260, 113, 419, 235, 89, 133, 283, 392, 368, 621, 502, 209, 286, 159, 285, 413, 466, 326, 429, 439, 226, 157, 505, 94, 344, 190, 216, 229, 500, 225, 603, 67, 331, 279, 453, 96, 536, 0, 181, 255, 442, 272, 207, 299, 150, 214, 325, 267, 421, 593, 392, 187, 198, 140, 436, 535, 313, 110, 173, 432, 457, 461, 440, 471, 467, 498, 415, 95, 143, 29, 401, 126, 248, 238, 467, 310, 505, 316, 389, 294, 480, 271, 474, 367, 166, 529, 222, 227, 588, 222, 404, 349, 536, 257, 607, 257, 422, 571, 333, 282, 228, 355, 71, 355, 371, 472, 449, 272, 247, 297, 379, 349, 385, 93, 531, 314, 189, 220],
    [376, 520, 427, 280, 586, 402, 106, 300, 294, 559, 355, 788, 340, 146, 322, 306, 112, 240, 293, 153, 596, 296, 281, 338, 332, 261, 511, 220, 322, 293, 376, 253, 430, 234, 498, 446, 620, 151, 703, 181, 0, 82, 269, 99, 212, 126, 317, 381, 152, 94, 370, 420, 559, 354, 365, 46, 603, 362, 349, 291, 295, 599, 624, 628, 267, 354, 634, 325, 242, 262, 310, 142, 568, 154, 140, 327, 634, 204, 332, 483, 290, 461, 647, 438, 286, 204, 114, 696, 389, 394, 415, 256, 571, 250, 703, 424, 774, 84, 589, 398, 500, 449, 237, 522, 207, 522, 198, 299, 616, 439, 428, 464, 206, 516, 552, 260, 343, 141, 356, 268],
    [449, 594, 501, 354, 660, 476, 180, 378, 368, 633, 429, 862, 256, 206, 388, 420, 45, 204, 257, 101, 670, 260, 355, 537, 296, 335, 585, 304, 388, 359, 340, 346, 394, 308, 572, 520, 694, 225, 777, 255, 82, 0, 233, 106, 278, 82, 391, 455, 68, 58, 444, 384, 633, 428, 439, 120, 677, 326, 415, 490, 383, 673, 698, 702, 231, 322, 708, 289, 206, 336, 384, 250, 642, 290, 168, 411, 708, 280, 296, 557, 322, 535, 721, 512, 250, 236, 248, 770, 463, 468, 379, 320, 645, 282, 777, 498, 848, 19, 663, 362, 574, 523, 311, 596, 420, 596, 162, 263, 690, 513, 627, 538, 126, 590, 626, 334, 307, 78, 429, 334],
    [505, 781, 688, 541, 847, 663, 367, 565, 555, 820, 616, 1049, 289, 262, 444, 476, 196, 119, 136, 118, 857, 175, 542, 593, 129, 522, 772, 360, 444, 415, 255, 402, 161, 495, 759, 707, 881, 412, 964, 442, 269, 233, 0, 200, 334, 154, 578, 642, 231, 179, 631, 151, 820, 615, 626, 307, 864, 93, 471, 546, 439, 860, 885, 889, 44, 237, 895, 65, 55, 523, 571, 437, 829, 346, 224, 467, 895, 336, 63, 744, 263, 722, 908, 699, 165, 240, 294, 957, 650, 655, 155, 376, 832, 286, 964, 685, 1035, 210, 850, 129, 761, 710, 498, 783, 476, 783, 77, 58, 877, 700, 683, 725, 90, 777, 813, 521, 222, 219, 616, 390],
    [322, 611, 518, 371, 677, 493, 197, 395, 372, 650, 446, 879, 359, 69, 261, 293, 94, 142, 224, 84, 687, 146, 372, 410, 263, 352, 602, 177, 261, 232, 247, 219, 361, 325, 589, 537, 711, 242, 794, 272, 99, 106, 200, 0, 151, 46, 408, 472, 130, 48, 461, 351, 650, 445, 456, 126, 694, 293, 288, 363, 256, 690, 715, 719, 198, 218, 725, 256, 173, 353, 401, 267, 659, 136, 41, 284, 725, 143, 263, 574, 195, 552, 738, 529, 169, 109, 67, 787, 480, 485, 346, 193, 662, 155, 794, 515, 865, 83, 680, 329, 591, 540, 328, 613, 232, 613, 129, 230, 707, 530, 500, 555, 137, 607, 643, 351, 226, 123, 446, 207],
    [185, 575, 482, 335, 634, 450, 231, 319, 419, 607, 480, 843, 462, 86, 124, 156, 241, 226, 298, 218, 651, 166, 406, 273, 337, 310, 566, 40, 124, 95, 227, 82, 495, 300, 546, 494, 668, 276, 751, 207, 212, 278, 334, 151, 0, 182, 365, 429, 276, 189, 495, 485, 614, 379, 413, 166, 651, 427, 151, 226, 119, 647, 672, 683, 332, 198, 682, 390, 307, 288, 358, 159, 616, 621, 122, 147, 689, 37, 397, 538, 116, 516, 695, 486, 201, 86, 90, 751, 437, 419, 480, 56, 626, 76, 758, 400, 829, 255, 637, 463, 548, 504, 362, 570, 136, 570, 263, 364, 671, 487, 363, 512, 271, 564, 607, 276, 258, 264, 411, 70],
    [353, 638, 545, 398, 704, 520, 224, 422, 412, 677, 473, 906, 282, 110, 292, 324, 61, 125, 178, 38, 714, 181, 399, 441, 217, 379, 629, 208, 292, 263, 261, 250, 315, 352, 616, 564, 738, 269, 821, 299, 126, 82, 154, 46, 182, 0, 435, 499, 96, 31, 488, 305, 677, 472, 483, 164, 721, 247, 319, 396, 287, 717, 742, 746, 152, 243, 752, 210, 127, 380, 428, 294, 686, 194, 72, 315, 752, 184, 217, 601, 226, 579, 765, 556, 171, 140, 142, 814, 507, 512, 300, 224, 689, 186, 821, 542, 892, 67, 707, 283, 618, 567, 355, 640, 324, 640, 83, 184, 734, 557, 531, 582, 91, 634, 670, 378, 228, 84, 473, 238],
    [324, 314, 191, 106, 275, 91, 225, 104, 244, 248, 332, 487, 638, 437, 367, 240, 421, 549, 602, 462, 390, 520, 290, 238, 641, 64, 227, 329, 297, 310, 581, 314, 739, 95, 187, 135, 309, 196, 392, 150, 317, 391, 578, 408, 365, 435, 0, 64, 461, 403, 385, 729, 353, 83, 54, 276, 292, 671, 394, 191, 254, 288, 313, 422, 576, 552, 323, 634, 551, 92, 21, 179, 257, 276, 473, 319, 333, 391, 641, 199, 470, 255, 336, 127, 555, 448, 316, 490, 78, 114, 724, 355, 365, 430, 402, 157, 473, 393, 278, 707, 138, 112, 188, 211, 209, 211, 507, 608, 410, 128, 221, 153, 515, 205, 346, 103, 612, 450, 149, 301],
    [388, 234, 127, 124, 219, 113, 289, 168, 215, 270, 254, 431, 606, 501, 431, 304, 485, 613, 666, 526, 310, 584, 232, 302, 705, 128, 163, 393, 361, 374, 645, 378, 803, 159, 209, 120, 219, 229, 336, 214, 381, 455, 642, 472, 429, 499, 64, 0, 525, 467, 307, 793, 220, 147, 72, 340, 236, 735, 458, 255, 378, 232, 257, 330, 640, 616, 233, 698, 615, 156, 85, 243, 201, 340, 537, 383, 277, 455, 705, 135, 534, 169, 280, 149, 619, 512, 380, 448, 53, 151, 788, 419, 261, 494, 346, 221, 417, 457, 221, 771, 74, 48, 160, 169, 273, 155, 571, 672, 306, 50, 285, 93, 579, 149, 266, 167, 676, 514, 121, 365],
    [447, 664, 571, 424, 730, 546, 250, 448, 438, 703, 499, 932, 188, 204, 386, 418, 36, 202, 255, 88, 740, 258, 425, 535, 294, 405, 655, 302, 386, 357, 338, 344, 392, 378, 642, 590, 764, 295, 847, 325, 152, 68, 231, 130, 276, 96, 461, 525, 0, 82, 514, 382, 603, 498, 509, 190, 747, 324, 413, 488, 381, 743, 768, 772, 174, 320, 778, 287, 149, 406, 454, 320, 712, 288, 166, 409, 778, 278, 294, 627, 320, 605, 791, 582, 248, 234, 246, 840, 533, 538, 377, 318, 715, 280, 847, 568, 918, 65, 733, 360, 644, 593, 381, 666, 418, 666, 160, 261, 760, 583, 625, 608, 111, 660, 696, 404, 305, 34, 499, 332],
    [360, 606, 513, 366, 672, 488, 192, 390, 380, 645, 441, 874, 273, 117, 299, 331, 46, 150, 203, 63, 682, 206, 367, 448, 242, 347, 597, 215, 299, 270, 286, 257, 340, 320, 584, 532, 706, 237, 789, 267, 94, 58, 179, 48, 189, 31, 403, 467, 82, 0, 456, 330, 645, 440, 451, 132, 689, 272, 326, 401, 294, 685, 710, 714, 177, 268, 720, 235, 152, 348, 396, 262, 654, 201, 89, 322, 720, 191, 242, 569, 243, 547, 733, 524, 196, 157, 159, 782, 475, 480, 325, 231, 657, 203, 789, 510, 860, 35, 675, 308, 586, 535, 323, 608, 331, 608, 108, 209, 702, 525, 538, 550, 116, 602, 638, 346, 253, 75, 441, 245],
    [605, 133, 180, 312, 287, 418, 264, 425, 112, 575, 55, 439, 313, 448, 648, 520, 474, 602, 655, 515, 193, 658, 89, 517, 694, 354, 220, 610, 577, 591, 738, 595, 792, 352, 514, 425, 401, 219, 404, 421, 370, 444, 631, 461, 495, 488, 385, 307, 514, 456, 0, 782, 210, 455, 377, 329, 384, 724, 675, 471, 534, 416, 325, 279, 629, 720, 415, 687, 604, 387, 407, 310, 349, 393, 502, 600, 285, 495, 694, 217, 581, 138, 428, 454, 648, 495, 405, 310, 358, 495, 777, 636, 200, 541, 354, 525, 425, 446, 642, 760, 276, 259, 169, 456, 482, 381, 560, 661, 241, 325, 589, 380, 568, 297, 112, 384, 705, 503, 238, 581],
    [656, 932, 839, 692, 998, 814, 518, 716, 706, 971, 767, 1200, 444, 413, 595, 627, 347, 270, 200, 269, 1008, 326, 693, 744, 177, 673, 923, 511, 595, 566, 406, 553, 42, 646, 910, 858, 1032, 563, 1115, 593, 420, 384, 151, 351, 485, 305, 729, 793, 382, 330, 782, 0, 971, 766, 777, 458, 1015, 85, 622, 697, 590, 1011, 1036, 1040, 199, 388, 1046, 152, 224, 674, 722, 588, 980, 497, 375, 618, 1046, 487, 96, 895, 414, 873, 1059, 850, 316, 391, 445, 1108, 801, 806, 173, 527, 983, 437, 1115, 836, 1186, 361, 1001, 33, 912, 861, 649, 934, 627, 934, 228, 160, 1028, 851, 834, 876, 259, 928, 964, 672, 373, 370, 767, 541],
    [573, 113, 101, 280, 79, 329, 359, 403, 163, 402, 157, 235, 509, 686, 616, 489, 663, 791, 844, 704, 131, 769, 209, 486, 883, 322, 57, 578, 546, 559, 830, 563, 981, 320, 425, 336, 236, 314, 176, 392, 559, 633, 820, 650, 614, 677, 353, 220, 603, 645, 210, 971, 0, 375, 300, 518, 186, 913, 643, 440, 503, 262, 117, 75, 818, 801, 231, 876, 793, 355, 375, 421, 165, 518, 722, 568, 81, 640, 883, 85, 719, 92, 230, 365, 804, 697, 558, 184, 269, 364, 966, 604, 74, 679, 150, 429, 221, 635, 308, 949, 144, 172, 208, 307, 451, 231, 749, 850, 104, 233, 493, 237, 757, 147, 158, 352, 861, 692, 206, 550],
    [293, 384, 274, 143, 319, 129, 262, 60, 314, 286, 402, 531, 675, 451, 381, 201, 458, 586, 639, 499, 460, 534, 360, 151, 678, 101, 318, 343, 311, 324, 595, 328, 776, 132, 225, 173, 353, 233, 436, 187, 354, 428, 615, 445, 379, 472, 83, 147, 498, 440, 455, 766, 375, 0, 90, 313, 336, 708, 408, 138, 268, 332, 357, 430, 613, 566, 367, 671, 588, 83, 62, 216, 301, 313, 487, 333, 377, 405, 678, 292, 484, 325, 380, 165, 569, 462, 353, 560, 122, 40, 761, 369, 435, 444, 446, 70, 517, 430, 316, 744, 233, 195, 259, 249, 246, 255, 544, 645, 480, 172, 134, 197, 552, 249, 416, 95, 626, 487, 220, 315],
    [372, 283, 199, 153, 229, 39, 273, 151, 324, 196, 324, 441, 686, 485, 415, 288, 469, 597, 650, 510, 413, 568, 370, 241, 689, 111, 228, 377, 345, 358, 629, 362, 787, 143, 135, 83, 263, 244, 346, 198, 365, 439, 626, 456, 413, 483, 54, 72, 509, 451, 377, 777, 300, 90, 0, 324, 246, 719, 442, 239, 302, 242, 267, 340, 624, 600, 277, 682, 599, 139, 68, 227, 211, 324, 521, 367, 287, 439, 689, 228, 518, 241, 290, 75, 603, 496, 364, 458, 32, 79, 772, 403, 356, 478, 356, 144, 427, 441, 212, 755, 143, 120, 269, 225, 256, 165, 555, 656, 395, 82, 208, 107, 563, 159, 342, 150, 660, 498, 230, 349],
    [330, 479, 386, 239, 545, 361, 65, 259, 253, 518, 314, 747, 378, 119, 276, 260, 150, 278, 331, 191, 555, 334, 240, 297, 370, 220, 470, 174, 276, 247, 414, 207, 468, 193, 457, 405, 579, 110, 662, 140, 46, 120, 307, 126, 166, 164, 276, 340, 190, 132, 329, 458, 518, 313, 324, 0, 562, 400, 303, 250, 249, 558, 583, 587, 305, 396, 593, 363, 280, 221, 269, 96, 527, 108, 167, 281, 593, 166, 370, 442, 252, 420, 606, 397, 324, 166, 76, 655, 348, 353, 453, 210, 530, 212, 662, 383, 733, 122, 548, 436, 459, 408, 196, 481, 161, 481, 236, 337, 575, 398, 372, 423, 244, 475, 511, 219, 381, 179, 315, 222],
    [610, 297, 234, 391, 107, 275, 511, 389, 322, 248, 331, 254, 693, 723, 653, 526, 707, 835, 888, 748, 302, 806, 368, 487, 927, 349, 149, 615, 583, 596, 867, 600, 1025, 381, 239, 231, 77, 408, 106, 436, 603, 677, 864, 694, 651, 721, 292, 236, 747, 689, 384, 1015, 186, 336, 246, 562, 0, 957, 680, 477, 540, 103, 69, 191, 862, 838, 59, 920, 837, 377, 306, 465, 35, 562, 759, 605, 125, 677, 927, 167, 756, 255, 44, 311, 841, 734, 602, 309, 215, 325, 1010, 641, 245, 716, 169, 390, 240, 679, 153, 983, 156, 202, 327, 193, 494, 125, 793, 894, 246, 179, 454, 170, 801, 87, 335, 388, 898, 736, 288, 587],
    [598, 874, 781, 634, 940, 756, 460, 658, 648, 913, 709, 1142, 370, 355, 537, 569, 289, 212, 197, 211, 950, 268, 635, 686, 157, 615, 865, 453, 537, 508, 348, 495, 84, 588, 852, 800, 974, 505, 1057, 535, 362, 326, 93, 293, 427, 247, 671, 735, 324, 272, 724, 85, 913, 708, 719, 400, 957, 0, 564, 639, 532, 953, 978, 982, 125, 330, 988, 77, 150, 616, 664, 530, 922, 439, 317, 560, 988, 429, 30, 837, 356, 815, 1001, 792, 258, 333, 387, 1050, 743, 748, 90, 469, 925, 379, 1057, 778, 1128, 303, 943, 52, 854, 803, 591, 876, 569, 876, 170, 140, 970, 793, 776, 818, 185, 870, 906, 614, 315, 312, 709, 483],
    [214, 604, 504, 364, 663, 479, 402, 348, 534, 636, 622, 872, 599, 223, 49, 185, 378, 319, 391, 355, 680, 234, 580, 302, 430, 339, 595, 123, 115, 86, 287, 90, 632, 329, 575, 523, 697, 409, 780, 313, 349, 415, 471, 288, 151, 319, 394, 458, 413, 326, 675, 622, 643, 408, 442, 303, 680, 564, 0, 255, 148, 676, 701, 712, 469, 258, 711, 527, 444, 317, 387, 342, 645, 199, 259, 84, 718, 160, 534, 567, 147, 545, 724, 515, 294, 187, 227, 780, 466, 448, 617, 103, 655, 138, 787, 429, 858, 392, 666, 600, 577, 533, 478, 599, 262, 599, 400, 501, 700, 516, 392, 541, 408, 593, 636, 305, 351, 401, 439, 126],
    [154, 401, 308, 161, 460, 276, 199, 78, 331, 433, 419, 669, 612, 298, 228, 63, 453, 441, 513, 430, 477, 381, 377, 47, 552, 136, 392, 190, 158, 171, 442, 175, 707, 126, 372, 320, 494, 201, 577, 110, 291, 490, 546, 363, 226, 396, 191, 255, 488, 401, 471, 697, 440, 138, 239, 250, 477, 639, 255, 0, 115, 473, 498, 509, 544, 413, 508, 602, 519, 92, 184, 139, 442, 216, 334, 180, 515, 252, 609, 364, 331, 342, 521, 312, 416, 309, 295, 577, 263, 178, 692, 216, 452, 291, 584, 174, 655, 467, 463, 675, 374, 330, 276, 396, 120, 396, 475, 576, 497, 313, 137, 338, 483, 390, 433, 94, 473, 476, 237, 162],
    [70, 464, 371, 224, 523, 339, 262, 208, 394, 496, 482, 732, 567, 191, 121, 27, 346, 334, 406, 323, 540, 274, 440, 162, 445, 199, 455, 83, 47, 64, 335, 68, 600, 189, 435, 383, 557, 269, 640, 173, 295, 383, 439, 256, 119, 287, 254, 378, 381, 294, 534, 590, 503, 268, 302, 249, 540, 532, 148, 115, 0, 536, 561, 572, 437, 306, 571, 495, 412, 177, 247, 209, 505, 153, 227, 53, 578, 145, 502, 427, 224, 405, 584, 375, 309, 202, 195, 640, 326, 308, 585, 109, 515, 184, 647, 289, 718, 360, 526, 568, 437, 393, 339, 459, 110, 459, 368, 469, 560, 376, 252, 401, 376, 453, 496, 165, 366, 369, 300, 55],
    [606, 349, 266, 387, 183, 216, 507, 385, 354, 147, 363, 357, 715, 719, 649, 522, 703, 831, 884, 744, 375, 802, 400, 483, 923, 345, 194, 611, 579, 592, 863, 596, 1021, 377, 139, 154, 22, 447, 209, 432, 599, 673, 860, 690, 647, 717, 288, 232, 743, 685, 416, 1011, 262, 332, 242, 558, 103, 953, 676, 473, 536, 0, 153, 275, 858, 834, 45, 916, 833, 373, 302, 461, 97, 558, 755, 601, 209, 673, 923, 199, 752, 287, 122, 170, 837, 730, 598, 393, 206, 321, 1006, 637, 318, 712, 272, 386, 343, 675, 47, 989, 208, 254, 391, 89, 490, 77, 789, 890, 348, 175, 450, 147, 797, 119, 381, 384, 894, 732, 352, 583],
    [631, 228, 175, 412, 38, 296, 532, 410, 240, 306, 272, 210, 640, 744, 674, 547, 728, 856, 909, 769, 233, 827, 286, 508, 948, 370, 80, 636, 604, 617, 888, 621, 1046, 402, 293, 261, 138, 351, 79, 457, 624, 698, 885, 715, 672, 742, 313, 257, 768, 710, 325, 1036, 117, 357, 267, 583, 69, 978, 701, 498, 561, 153, 0, 122, 883, 859, 122, 941, 858, 398, 327, 486, 56, 583, 780, 626, 56, 698, 948, 108, 777, 175, 113, 332, 862, 755, 623, 240, 236, 346, 1031, 662, 176, 737, 125, 411, 196, 700, 212, 1014, 177, 195, 280, 231, 515, 155, 814, 915, 177, 200, 475, 191, 822, 108, 266, 409, 919, 757, 243, 608],
    [642, 129, 176, 349, 121, 369, 428, 472, 232, 428, 226, 187, 578, 755, 685, 558, 732, 860, 913, 773, 98, 838, 278, 555, 952, 391, 132, 647, 615, 628, 899, 632, 1050, 389, 465, 376, 260, 383, 161, 461, 628, 702, 889, 719, 683, 746, 422, 330, 772, 714, 279, 1040, 75, 430, 340, 587, 191, 982, 712, 509, 572, 275, 122, 0, 887, 870, 244, 945, 862, 424, 444, 490, 178, 587, 791, 637, 66, 709, 952, 160, 788, 161, 235, 405, 873, 766, 627, 118, 309, 419, 1035, 673, 62, 748, 92, 484, 173, 704, 334, 1018, 219, 247, 277, 353, 590, 247, 818, 919, 55, 273, 548, 277, 826, 192, 155, 421, 930, 761, 275, 619],
    [503, 779, 686, 539, 845, 661, 365, 563, 553, 818, 614, 1047, 245, 260, 442, 474, 141, 151, 168, 116, 855, 207, 540, 591, 162, 520, 770, 358, 442, 413, 287, 400, 201, 493, 757, 705, 879, 410, 962, 440, 267, 231, 44, 198, 332, 152, 576, 640, 174, 177, 629, 199, 818, 613, 624, 305, 862, 125, 469, 544, 437, 858, 883, 887, 0, 269, 893, 66, 25, 521, 569, 435, 827, 344, 222, 465, 893, 334, 103, 742, 295, 720, 906, 697, 197, 272, 292, 955, 648, 653, 162, 374, 830, 318, 962, 683, 1033, 208, 848, 169, 759, 708, 496, 781, 474, 781, 76, 91, 875, 698, 681, 723, 60, 775, 811, 519, 254, 137, 614, 388],
